1 henque 34 0 1489588786
2 testsubone 15 0 1489596697
0 EQUIPMENT 0 0 0
0 EQUIPMENT 0 0 0
0 EQUIPMENT 0 0 0
0 EQUIPMENT 0 0 0
1 0 1465940811 0 0
3 urza 33 0 1470105946
4 juliano 0 0 1465825495
5 kevin 30 0 1480084190
6 mass 5 0 1465954803
7 invinible 2 0 1469596027
8 phantom 0 0 1469904071
9 shinigami 1 0 1469903494
10 lexis 16 0 1471594152
11 patrick 5 0 1467091455
12 ventus 7 0 1467250942
13 long 14 0 1467560775
14 zodd 9 0 1468330372
15 tem 10 0 1469898890
16 dann 3 0 1469587599
17 raine 22 0 1471787836
18 roscoe 31 0 1471270572
19 barto 27 0 1471270654
22 tenshi 1 0 1470544289
23 romik 4 0 1472338710
24 romiko 1 0 1470551008
26 archene 3 0 1471928947
27 volkrisse 1 0 1479833942
28 nigg 1 0 1489305750
29 ghaloaire 1 0 1479836447
30 finny 1 0 1479837047
31 chrollo 1 0 1489215184
32 soniizin 1 0 1479837344
33 sokher 1 0 1489239250
34 cade 1 0 1489008301
35 andrei 1 0 1479840947
36 nigger 1 0 1479841135
37 onthemf 1 0 1479841387
38 lop 1 0 1479841869
39 kira 1 0 1479842972
40 op 1 0 1479843542
41 den 1 0 1479845954
42 jeff 0 0 1479845984
43 bailey 1 0 1479846616
44 lea 1 0 1479848693
45 jack 1 0 1489471507
47 hisakura 1 0 1479850547
48 devaz 1 0 1479851679
49 sinner 0 0 1479852216
50 hirak 1 0 1479852653
51 kakashi 1 0 1479904134
52 ozack 1 0 1479853039
53 willa 1 0 1479853896
54 jocke 1 0 1479853896
55 wes 1 0 1479854196
56 sillae 1 0 1479854300
59 rem 1 0 1479855138
60 pseudo 1 0 1479855996
61 indra 0 0 1479856122
62 luffy 1 0 1479857079
63 lukkon 1 0 1479857186
64 don 1 0 1479857760
65 alex 1 0 1489441218
66 yuu 1 0 1489039637
67 kite 1 0 1479859944
68 wiings 1 0 1479862374
69 flando 0 0 1479861607
70 arric 1 0 1479861701
71 dawid 0 0 1479862674
72 mahim 0 0 1479863646
73 gurusing 1 0 1479863931
74 abhinav 1 0 1479864546
75 yuta 1 0 1479866276
76 pakman 1 0 1479866862
77 goopta 1 0 1479867736
78 victor 1 0 1479869084
79 astral 1 0 1480267968
80 sketch 1 0 1479869440
81 himmler 1 0 1479870105
82 michael 1 0 1479923503
83 joseph 1 0 1479870987
84 kyon 1 0 1479871239
85 tim 1 0 1479872136
86 shadowgs 1 0 1479873915
87 jilele 1 0 1479873130
88 farmer 1 0 1479873259
89 albaz 1 0 1479873997
90 tyler 1 0 1489013626
91 veryjef 1 0 1479874163
92 cidric 1 0 1479874439
94 myk 1 0 1479874946
95 bean 1 0 1479875497
96 kone 1 0 1479877057
97 cuck 1 0 1479876509
98 axewalker 1 0 1479879722
99 toby 1 0 1479881822
100 dio 1 0 1479915070
101 ali 1 0 1479883295
102 shell 1 0 1479982783
103 kuro 1 0 1479890328
104 tom 0 0 1489107993
105 ziyu 1 0 1479904383
106 ikaxiz 1 0 1479909534
107 vick 1 0 1479912653
108 teago 1 0 1479913280
109 vamsi 1 0 1479917429
110 dean 0 0 1479915598
111 jin 1 0 1479915942
112 chandler 1 0 1479921681
113 gamecrazy 1 0 1479929179
114 wqas 1 0 1479924586
115 kalle 1 0 1479927360
116 thomaso 1 0 1479928793
118 chan 1 0 1479934362
119 raven 1 0 1489027839
120 er 1 0 1479937631
121 madgny 1 0 1479938536
122 synklar 1 0 1479939136
123 lucy 1 0 1479943986
124 teo 1 0 1479944813
125 dsmjak 1 0 1479953220
126 montressor 5 0 1479991655
127 teresa 1 0 1479968349
129 llama 1 0 1479971103
130 gwenyth 1 0 1479977083
131 togashi 1 0 1489072390
132 leftyness 1 0 1479995908
133 test 1 0 1489077078
134 dsadsa 1 0 1480000370
135 zen 1 0 1480001924
136 ahmed 1 0 1480004924
137 rivis 1 0 1482350697
138 rio 1 0 1480099506
139 ralekuu 1 0 1480042628
140 andre 0 0 1480043733
141 zandolf 1 0 1480065649
142 lazytotoro 1 0 1480052422
143 luna 1 0 1480064508
144 ransioh 1 0 1480095260
145 ubiro 1 0 1480110797
146 ronji 1 0 1480123230
147 jike 1 0 1480139944
148 swan 1 0 1480217044
149 sathid 1 0 1480223271
152 mossyo 1 0 1480253528
153 nax 1 0 1480260024
154 coolcow 2 0 1480627327
155 tensi 1 0 1480290704
156 leonna 1 0 1480301395
157 arica 1 0 1480308665
158 nik 1 0 1480336426
159 windoson 0 0 1480371491
160 morningsun 1 0 1480697071
161 orich 1 0 1480498824
162 jan 1 0 1480433260
163 dondo 1 0 1480458170
164 bowun 1 0 1480475801
165 zezinho 1 0 1480476585
166 lyoneese 1 0 1480555409
167 dream 1 0 1480678823
168 nattychuck 0 0 1481003258
169 schweitzer 1 0 1482366788
170 ser 1 0 1481054050
171 validname 1 0 1481064267
172 cyr 1 0 1481305530
173 sttail 1 0 1481447733
174 prestow 1 0 1481809923
175 bryab 1 0 1482150856
176 sleet 1 0 1487191590
177 ajay 1 0 1487279097
178 keith 1 0 1487322677
179 kristian 1 0 1487493945
180 zeugziumy 33 0 1487616612
181 keberus 12 0 1489555052
182 elijah 1 0 1487638992
186 eli 1 0 1487784956
187 daimee 1 0 1488521046
188 elros 1 0 1488630177
189 nappa 1 0 1488750674
190 help 1 0 1489065170
191 peter 1 0 1489066763
192 none 1 0 1488986461
193 capote 1 0 1489023385
194 mterror 1 0 1488987661
195 kkiioo 1 0 1488987075
196 azorhai 1 0 1488987961
197 linri 1 0 1488988561
198 aaron 1 0 1488989461
199 warsmyth 1 0 1488989461
200 jo 1 0 1488989243
202 bluuee 0 0 1488989579
203 vaniltea 1 0 1488989833
204 sora 1 0 1488989883
205 cillian 1 0 1488990661
206 justin 0 0 1488990367
207 pizza 1 0 1488990499
208 mitch 1 0 1488991561
209 colin 1 0 1488991045
210 roble 1 0 1488991189
211 dizz 1 0 1488991284
212 sean 1 0 1488991896
213 gunter 1 0 1488991947
214 tar 1 0 1488992761
215 hua 1 0 1488992688
216 chi 1 0 1488992983
217 lee 1 0 1488993361
218 dingyling 1 0 1488993288
219 bill 1 0 1489004746
220 labrador 1 0 1488993825
221 tonpa 1 0 1489338900
222 kakarotto 1 0 1488995062
223 carnage 1 0 1488995199
224 mohamed 1 0 1488995122
225 dave 1 0 1488996217
226 diibu 1 0 1488996254
227 mac 1 0 1488996613
228 nickr 1 0 1488997059
229 beyond 1 0 1488997292
230 mojojo 1 0 1488998317
231 shadow 1 0 1488998317
232 greg 1 0 1488998078
233 nlpride 0 0 1488998975
234 tompa 1 0 1488999197
235 jmac 1 0 1488999972
236 tarl 1 0 1489000466
237 akz 1 0 1489000524
238 david 0 0 1489006106
239 alec 1 0 1489000983
240 hili 1 0 1489001071
241 day 1 0 1489001892
242 holla 1 0 1489002273
243 nick 1 0 1489013013
244 kill 1 0 1489003386
245 shan 1 0 1489003662
246 abby 0 0 1489003784
247 bison 1 0 1489003825
248 angelr 1 0 1489004808
249 isaac 1 0 1489348372
250 tarik 1 0 1489005131
251 kane 1 0 1489005535
252 fourscore 1 0 1489006292
253 nerfdom 1 0 1489006369
254 temkin 1 0 1489006539
255 buttchunks 1 0 1489007660
256 xigorat 1 0 1489007360
257 isis 1 0 1489008560
258 wave 0 0 1489007950
259 lit 1 0 1489008395
260 israel 1 0 1489008594
261 nathalie 1 0 1489008665
262 escha 0 0 1489009224
263 madril 1 0 1489009528
264 mos 1 0 1489010691
265 pitou 1 0 1489013259
266 zhren 1 0 1489011934
267 beemoney 1 0 1489012021
268 hello 1 0 1489112519
269 dark 1 0 1489012886
270 ouk 1 0 1489013269
271 pituo 1 0 1489013462
272 blueskin 1 0 1489014083
273 liam 1 0 1489013938
274 nigga 1 0 1489013986
275 eric 1 0 1489255958
276 bundowisck 1 0 1489014423
277 edo 1 0 1489014603
278 alfie 1 0 1489014983
279 dicey 1 0 1489095880
280 hi 1 0 1489295962
281 josh 1 0 1489292942
282 gian 1 0 1489016281
283 kia 1 0 1489016499
285 belk 1 0 1489018825
286 aiden 1 0 1489018215
287 dna 0 0 1489018463
288 judal 1 0 1489019467
289 daddio 1 0 1489019485
290 brennan 1 0 1489019977
291 chiapet 0 0 1489019981
292 jamal 1 0 1489020102
293 play 0 0 1489020516
294 shaiapouf 1 0 1489041216
295 ibby 1 0 1489022185
296 waru 1 0 1489109424
297 kairos 1 0 1489023085
298 conrad 1 0 1489060338
299 cyberdra 1 0 1489023798
300 trent 1 0 1489024285
301 cathatmeow 2 0 1489030401
303 vansov 1 0 1489026064
304 arnold 1 0 1489026624
305 savannah 1 0 1489028746
306 sylvester 1 0 1489028898
307 rags 1 0 1489029046
308 dom 1 0 1489031321
309 vival 1 0 1489035443
310 ron 1 0 1489032136
311 erin 1 0 1489032209
312 rar 1 0 1489032869
313 candy 1 0 1489033064
314 hiro 1 0 1489033526
315 ben 1 0 1489033500
316 des 0 0 1489033746
317 bah 0 0 1489036342
318 zoldyck 1 0 1489088930
319 tewis 1 0 1489037287
320 venus 0 0 1489037611
321 wodahs 1 0 1489037937
322 ciccio 1 0 1489037896
323 link 1 0 1489038081
324 gyro 1 0 1489040607
325 pie 1 0 1489040922
326 oliver 1 0 1489042898
327 daniel 1 0 1489043196
328 pogchamp 1 0 1489044041
329 naitsab 1 0 1489045548
330 zapple 1 0 1489045341
331 chaumes 1 0 1489063206
332 christophe 1 0 1489046553
333 sparrow 1 0 1489048163
334 jay 1 0 1489116166
335 duo 0 0 1489048177
336 nora 1 0 1489050409
337 so 1 0 1489051707
338 sam 1 0 1489057532
339 jose 1 0 1489059442
340 miika 1 0 1489060611
341 susan 1 0 1489061076
342 dan 1 0 1489193489
343 kid 1 0 1489062839
344 overkhast 1 0 1489063923
345 sasad 1 0 1489064309
346 steelo 1 0 1489064921
347 sami 1 0 1489065438
348 fel 1 0 1489067109
349 enter 1 0 1489067582
350 jiraiya 1 0 1489151379
351 zoshii 1 0 1489070971
352 kurahamza 1 0 1489071623
353 rat 1 0 1489072472
354 maha 1 0 1489073951
356 metin 1 0 1489078437
357 fufu 1 0 1489079361
358 anthony 1 0 1489081863
359 hoony 1 0 1489083624
360 ghost 1 0 1489085428
361 gleaux 1 0 1489087353
362 aaa 1 0 1489087452
363 andrew 1 0 1489087580
364 tajroy 1 0 1489088572
365 highlord 1 0 1489090863
366 vero 17 0 1489178456
367 solomon 1 0 1489092963
368 xnecro 1 0 1489094717
369 veras 1 0 1489095663
370 toad 1 0 1489097902
371 bombastic 1 0 1489098646
372 jame 1 0 1489098399
373 castor 1 0 1489099331
374 thomas 1 0 1489108684
375 copper 1 0 1489110827
376 yume 1 0 1489111022
377 jakol 1 0 1489111031
378 reyes 2 0 1489114524
379 mizrael 1 0 1489113649
380 soldia 1 0 1489114824
381 cerin 6 0 1489116624
383 dude 1 0 1489116305
384 tepig 1 0 1489116349
385 demrip 1 0 1489118020
386 retard 1 0 1489383806
387 reckle 1 0 1489119919
388 tasha 0 0 1489120953
389 mel 1 0 1489121294
390 elizabeth 1 0 1489123925
391 neva 1 0 1489125068
392 taylor 0 0 1489125561
393 ahmad 1 0 1489136606
394 amner 1 0 1489139848
395 ilay 1 0 1489139661
396 huulnar 1 0 1489141478
397 karain 1 0 1489143553
398 nog 1 0 1489159033
399 joe 1 0 1489160705
401 name 0 0 1489173773
402 lilqwarts 1 0 1489180306
403 sage 1 0 1489181169
404 charles 1 0 1489185495
405 louis 1 0 1489185959
406 sameer 1 0 1489186466
407 nathan 1 0 1489189458
408 bryan 1 0 1489191094
409 lulu 1 0 1489194579
410 lucifer 1 0 1489195179
411 boi 1 0 1489199374
412 rea 1 0 1489222266
413 eman 1 0 1489227890
414 pranav 1 0 1489233557
415 nivoth 1 0 1489235814
416 gozu 1 0 1489237168
417 marcus 1 0 1489237230
418 qiu 1 0 1489241121
419 isaack 3 0 1489334281
420 keign 1 0 1489256403
421 wolke 1 0 1489288106
422 leynard 1 0 1489288401
423 cstnvsky 1 0 1489293497
424 pouf 1 0 1489296816
425 hehehehe 1 0 1489306749
426 dylan 1 0 1489308080
427 cheren 1 0 1489309418
428 juro 1 0 1489320407
429 yaksha 1 0 1489324245
430 ziqezie 1 0 1489343057
431 daylin 1 0 1489372282
432 ash 0 0 1489379276
433 jewseph 1 0 1489383891
434 go 1 0 1489384827
435 slime 1 0 1489385275
436 max 1 0 1489388487
437 dikcheese 1 0 1489388686
438 kcmon 1 0 1489413439
439 melia 1 0 1489423069
440 ayylmao 1 0 1489434668
441 jew 1 0 1489443530
442 zeff 0 0 1489443962
444 book 1 0 1489469891
445 celeron 1 0 1489529536
446 steve 1 0 1489475232
447 kisa 1 0 1489489801
448 recker 1 0 1489497220
449 open 1 0 1489510572
450 sandon 1 0 1489526719
451 fucoff 1 0 1489527965
452 feng 1 0 1489553754
453 csooo 1 0 1489560602
454 taichou 1 0 1489575708
455 jereg 1 0 1489579585
456 netorare 1 0 1489580326
457 fkndonnie 1 0 1489583408
~
